Model
  Variables
    x1 = 1, >=-2, <=2
    x2 = 1, >=-2, <=2
    x3 = 1, >=-2, <=2
    x4 = 1, >=-2, <=2
    x5 = 1, >=-2, <=2
    x6 = 1, >=-2, <=2
    x7 = 1, >=-2, <=2
    x8 = 1, >=-2, <=2
    x9 = 1, >=-2, <=2
    x10 = 1, >=-2, <=2
    x11 = 1, >=-2, <=2
  End Variables

  Equations
 
    minimize  (0.0844*x1 + 0.1842*x2 + 0.038617862909035*x3+ 0.135368537010196*x4+ 0.001578467104932*x5 + 0.248646828876985*x6 + 0.105053328418415*x7+ 0.171390825148658*x8+ 0.032158961215581*x9 + 0.017558008834867*x10 + 0.0004408615959709370*x11) / (3.164613389080465*x1 + 2.298822295751570*x2 + 2.416819176570794*x3+ 3.071264450581508*x4+ 1.623000773159065*x5 + 2.928034581865779*x6 + 2.552064993436955*x7+ 2.552086009755409*x8+ 1.904310726529658*x9 + 0.017558008834867*x10 + 0.004408615959709370*x11) 

  End Equations
End Model
